0.15172863006591797
0.4879488945007324
0.0957181453704834
0.08048582077026367
15.323352575302124
0.13550424575805664
0.14170336723327637
1.0249080657958984
192.31801056861877
0.43878173828125
0.13437795639038086
0.18198299407958984
0.460202693939209
0.09507966041564941
0.17038416862487793
0.18841052055358887
0.8061439990997314
0.517148494720459
0.126082181930542
2.660984754562378
0.1560835838317871
0.8244612216949463
1.121016263961792
0.15677165985107422
0.4845240116119385
0.09027385711669922
0.08441448211669922
15.535514116287231
0.13248848915100098
0.13611054420471191
1.0148684978485107
189.77424478530884
0.43637537956237793
0.11266088485717773
0.18326759338378906
0.45911097526550293
0.09421730041503906
0.1689903736114502
0.18516230583190918
0.798452615737915
0.5289919376373291
0.12345051765441895
2.7146708965301514
0.14965128898620605
0.8222601413726807
1.1168038845062256
0.1511707305908203
0.49732017517089844
0.08873295783996582
0.08257579803466797
15.690608024597168
0.1339550018310547
0.13679838180541992
1.025078535079956
191.83970046043396
0.43665337562561035
0.11714792251586914
0.18823003768920898
0.45616650581359863
0.09190964698791504
0.16830873489379883
0.18419194221496582
0.7927134037017822
0.5392732620239258
0.1303558349609375
2.73795747756958
0.14886093139648438
0.8311476707458496
1.105217456817627
0.1533498764038086
0.49812817573547363
0.09803271293640137
0.07950782775878906
15.743053913116455
0.17882585525512695
0.15768098831176758
1.3036203384399414
194.08397841453552
0.43418097496032715
0.11665940284729004
0.18825149536132812
0.45777177810668945
0.11005282402038574
0.22935009002685547
0.19372916221618652
0.897573709487915
0.6040372848510742
0.14095520973205566
2.717592477798462
0.14783287048339844
0.823627233505249
1.1258645057678223
0.21502399444580078
0.527601957321167
0.12291336059570312
0.12185811996459961
16.86210608482361
0.15258550643920898
0.13076019287109375
1.0428669452667236
194.72485876083374
0.4375307559967041
0.1142568588256836
0.1875760555267334
0.4558753967285156
0.09818148612976074
0.1731095314025879
0.18392038345336914
0.7954068183898926
0.6276860237121582
0.15552210807800293
2.953930139541626
0.18888020515441895
0.8833754062652588
1.1804871559143066
0.18825888633728027
0.5313947200775146
0.12161540985107422
0.11580729484558105
17.493346214294434
0.17432785034179688
0.15422773361206055
1.271479845046997
198.48027968406677
0.48070359230041504
0.13355541229248047
0.18476462364196777
0.46312546730041504
0.0960991382598877
0.1900341510772705
0.17123675346374512
0.7431979179382324
0.4943826198577881
0.13386011123657227
2.6840615272521973
0.14944171905517578
0.8056654930114746
1.1035079956054688
0.15097594261169434
0.48418760299682617
0.09773731231689453
0.08340263366699219
15.484176635742188
0.14517807960510254
0.12677597999572754
1.0473055839538574
199.88188695907593
0.4340851306915283
0.11470985412597656
0.18631410598754883
0.4564049243927002
0.10186958312988281
0.17347240447998047
0.18576979637145996
0.7913928031921387
0.5325145721435547
0.12102603912353516
2.7169463634490967
0.14791321754455566
0.8243482112884521
1.1070492267608643
0.15257835388183594
0.4967036247253418
0.09756827354431152
0.08296322822570801
18.345818758010864
0.17596864700317383
0.1936643123626709
1.3990163803100586
195.8417990207672
0.4334437847137451
0.11637258529663086
0.1878504753112793
0.45061373710632324
0.09212327003479004
0.17151379585266113
0.18616437911987305
0.7877795696258545
0.5256748199462891
0.12740564346313477
2.662388801574707
0.1511096954345703
0.8450133800506592
1.1140053272247314
0.1444108486175537
0.48120856285095215
0.08828496932983398
0.08179926872253418
17.59357261657715
0.1776425838470459
0.1569211483001709
1.2676270008087158
195.4753339290619
0.47754979133605957
0.13680553436279297
0.2166602611541748
0.5289955139160156
0.1197664737701416
0.23122215270996094
0.1945350170135498
0.8789713382720947
0.5905787944793701
0.15595507621765137
2.9027552604675293
0.19440817832946777
0.8599498271942139
1.166147232055664
0.18203282356262207
0.5400681495666504
0.12196111679077148
0.11702871322631836
16.422043085098267
0.15252470970153809
0.12590241432189941
1.0387427806854248
196.68582963943481
0.47470521926879883
0.1424708366394043
0.2074599266052246
0.5350756645202637
0.10687637329101562
0.2236018180847168
0.19415593147277832
0.8662097454071045
0.5978131294250488
0.14704346656799316
2.9325902462005615
0.1990346908569336
0.860628604888916
1.1601707935333252
0.18206000328063965
0.5266854763031006
0.1199944019317627
0.11603021621704102
16.109651565551758
0.1462254524230957
0.12808966636657715
1.0449309349060059
198.4621205329895
0.434220552444458
0.11258101463317871
0.1810166835784912
0.451632022857666
0.10205936431884766
0.17310357093811035
0.18428802490234375
0.7739953994750977
0.5263504981994629
0.12282156944274902
2.7670886516571045
0.14980864524841309
0.8197166919708252
1.0914065837860107
0.155165433883667
0.48209357261657715
0.09776425361633301
0.0786900520324707
15.414928197860718
0.14565825462341309
0.1290760040283203
1.1019091606140137
197.67281651496887
0.4835193157196045
0.14201593399047852
0.2095479965209961
0.5436902046203613
0.11945152282714844
0.23090291023254395
0.19350957870483398
0.8845727443695068
0.5877254009246826
0.1508021354675293
2.943319320678711
0.19740724563598633
0.8727710247039795
1.1800758838653564
0.18070030212402344
0.5426981449127197
0.11439657211303711
0.11744451522827148
17.648690700531006
0.15803861618041992
0.12569808959960938
1.0553169250488281
197.40422749519348
0.43427348136901855
0.11389374732971191
0.18705296516418457
0.4556884765625
0.09602570533752441
0.17296528816223145
0.188185453414917
0.7759182453155518
0.5304045677185059
0.12525200843811035
2.875058174133301
0.17001104354858398
0.8302099704742432
1.1072981357574463
0.15460443496704102
0.49942994117736816
0.09271717071533203
0.08305001258850098
15.626787900924683
0.15436673164367676
0.12656521797180176
1.0544707775115967
208.08848071098328
0.4746236801147461
0.13788795471191406
0.2084214687347412
0.544588565826416
0.1073758602142334
0.22863125801086426
0.19273924827575684
0.8579144477844238
0.6000585556030273
0.1504817008972168
2.9421472549438477
0.19829964637756348
0.8605847358703613
1.180039882659912
0.18136930465698242
0.528721809387207
0.12305259704589844
0.11762619018554688
18.292706727981567
0.18132758140563965
0.15342307090759277
1.2636983394622803
211.52893590927124
0.4762094020843506
0.14227080345153809
0.2095174789428711
0.5417807102203369
0.10885095596313477
0.2290182113647461
0.20267009735107422
0.880744218826294
0.6066205501556396
0.14879107475280762
2.9454715251922607
0.19780755043029785
0.8714878559112549
1.176154613494873
0.18204164505004883
0.5244464874267578
0.12155699729919434
0.1170809268951416
18.27528166770935
0.17836976051330566
0.1552722454071045
1.2639930248260498
211.32811856269836
0.48236703872680664
0.14198851585388184
0.21474862098693848
0.5486516952514648
0.11779999732971191
0.23013067245483398
0.19497275352478027
0.8620493412017822
0.5863525867462158
0.1520698070526123
2.9636919498443604
0.19807195663452148
0.8706657886505127
1.1682326793670654
0.18022680282592773
0.5262031555175781
0.11892104148864746
0.11615252494812012
18.313589096069336
0.1792285442352295
0.1517319679260254
1.2641475200653076
211.70827436447144
0.47765064239501953
0.13734793663024902
0.20844411849975586
0.5290498733520508
0.10713028907775879
0.23473167419433594
0.19324684143066406
0.8886191844940186
0.5808115005493164
0.1603693962097168
2.906843423843384
0.20029950141906738
0.8542022705078125
1.1742727756500244
0.1823740005493164
0.5248494148254395
0.12165951728820801
0.11502504348754883
18.26619791984558
0.1806166172027588
0.15279269218444824
1.2622582912445068
211.44752192497253
0.4722251892089844
0.14193105697631836
0.22501611709594727
0.536163330078125
0.10760092735290527
0.2241525650024414
0.1966555118560791
0.8648135662078857
0.5839838981628418
0.14873361587524414
2.8983848094940186
0.19715189933776855
0.8570482730865479
1.1762187480926514
0.17850923538208008
0.5277049541473389
0.1230781078338623
0.12052559852600098
18.28734803199768
0.1782832145690918
0.15380620956420898
1.2642121315002441
211.40692567825317
0.47486376762390137
0.1433568000793457
0.22062134742736816
0.5289654731750488
0.1132199764251709
0.2243337631225586
0.2052628993988037
0.859199047088623
0.5871269702911377
0.14835667610168457
2.9286949634552
0.19829368591308594
0.8725781440734863
1.1722362041473389
0.17210698127746582
0.5592865943908691
0.12173771858215332
0.11615371704101562
18.210997104644775
0.17811799049377441
0.15637993812561035
1.2543432712554932
211.35883450508118
0.4769124984741211
0.13274049758911133
0.20922636985778809
0.5326511859893799
0.11340522766113281
0.23061490058898926
0.1944737434387207
0.860253095626831
0.5886611938476562
0.15148544311523438
2.9292547702789307
0.19937443733215332
0.8785688877105713
1.1687052249908447
