0.04205179214477539
0.021822690963745117
0.03860926628112793
0.02573871612548828
0.02496623992919922
0.04555249214172363
0.023823261260986328
0.03589224815368652
0.056410789489746094
0.040464162826538086
0.20941996574401855
0.23506546020507812
0.10818886756896973
0.029913663864135742
0.0202634334564209
0.03721141815185547
0.024318695068359375
0.023344039916992188
0.04602956771850586
0.022402048110961914
0.03421759605407715
0.055388689041137695
0.03939414024353027
0.20638060569763184
0.2327423095703125
0.10614871978759766
0.029418468475341797
0.02024364471435547
0.03668045997619629
0.02427220344543457
0.023682594299316406
0.043974876403808594
0.023026466369628906
0.03459429740905762
0.05534553527832031
0.03904318809509277
0.20357894897460938
0.23795318603515625
0.10582256317138672
0.02977132797241211
0.020181655883789062
0.03659462928771973
0.0243070125579834
0.023243188858032227
0.04453253746032715
0.02332162857055664
0.03446793556213379
0.05618739128112793
0.03885984420776367
0.20284628868103027
0.2370917797088623
0.10581159591674805
0.029659271240234375
0.02013540267944336
0.03653907775878906
0.024054527282714844
0.0231020450592041
0.044365644454956055
0.0226590633392334
0.03330278396606445
0.05513811111450195
0.03889918327331543
0.20542478561401367
0.23951959609985352
0.10605406761169434
0.030328750610351562
0.020338773727416992
0.03709578514099121
0.024302959442138672
0.023970365524291992
0.04491114616394043
0.022301673889160156
0.03459048271179199
0.05581998825073242
0.03876471519470215
0.20372700691223145
0.24194121360778809
0.10763263702392578
0.029659032821655273
0.02023792266845703
0.03757882118225098
0.024343490600585938
0.023732900619506836
0.045069217681884766
0.022562503814697266
0.03716754913330078
0.055448293685913086
0.039160728454589844
0.22088074684143066
0.24618196487426758
0.10654211044311523
0.029839038848876953
0.02074265480041504
0.03803133964538574
0.024934053421020508
0.024350404739379883
0.04644775390625
0.022877216339111328
0.0384678840637207
0.05625510215759277
0.044443607330322266
0.20237255096435547
0.24880504608154297
0.11617755889892578
0.029830217361450195
0.020729780197143555
0.03789782524108887
0.024785280227661133
0.0240628719329834
0.04652047157287598
0.022505998611450195
0.03486037254333496
0.05602240562438965
0.039214134216308594
0.20310115814208984
0.24386835098266602
0.10601234436035156
0.030154943466186523
0.020796775817871094
0.04665184020996094
0.024806737899780273
0.023801088333129883
0.04608297348022461
0.02245020866394043
0.03464460372924805
0.05597066879272461
0.03913307189941406
0.21025633811950684
0.24849843978881836
0.10693717002868652
0.03033137321472168
0.021251916885375977
0.0384066104888916
0.025020599365234375
0.02442312240600586
0.04587435722351074
0.022577762603759766
0.035768985748291016
0.05616474151611328
0.03872990608215332
0.2100532054901123
0.24436593055725098
0.10654640197753906
0.029937744140625
0.02061939239501953
0.03762459754943848
0.027032852172851562
0.023981094360351562
0.04586672782897949
0.02257251739501953
0.034218549728393555
0.055707693099975586
0.038906097412109375
0.20058536529541016
0.24591827392578125
0.10610008239746094
0.02962779998779297
0.02030777931213379
0.037628889083862305
0.02451324462890625
0.023836851119995117
0.04543781280517578
0.030761241912841797
0.03498077392578125
0.05512118339538574
0.03886747360229492
0.20054364204406738
0.2491135597229004
0.10547661781311035
0.030033111572265625
0.02050161361694336
0.03785562515258789
0.02466893196105957
0.02393031120300293
0.04592442512512207
0.02246880531311035
0.034821510314941406
0.05601692199707031
0.03898954391479492
0.20037126541137695
0.24817705154418945
0.10830140113830566
0.02978801727294922
0.020570755004882812
0.03896975517272949
0.02862715721130371
0.024044275283813477
0.045668601989746094
0.0228424072265625
0.03435659408569336
0.055120229721069336
0.03905463218688965
0.20185565948486328
0.24011802673339844
0.10583329200744629
0.029961824417114258
0.020224571228027344
0.03812551498413086
0.024359464645385742
0.02343130111694336
0.0452115535736084
0.022766590118408203
0.0343170166015625
0.05617642402648926
0.03925919532775879
0.20155954360961914
0.2658202648162842
0.10766458511352539
0.030256271362304688
0.02066826820373535
0.03802776336669922
0.024979114532470703
0.024071931838989258
0.046087026596069336
0.022995710372924805
0.03502798080444336
0.05534839630126953
0.03982377052307129
0.20057106018066406
0.2450258731842041
0.10529065132141113
0.02972412109375
0.020518779754638672
0.03765225410461426
0.0247347354888916
0.023888826370239258
0.045438528060913086
0.023479461669921875
0.03400874137878418
0.05520749092102051
0.038648128509521484
0.20137476921081543
0.24930167198181152
0.10599088668823242
0.030149221420288086
0.020774364471435547
0.038080692291259766
0.02493453025817871
0.024290084838867188
0.04615449905395508
0.022977113723754883
0.035196781158447266
0.057832956314086914
0.03938722610473633
0.20078420639038086
0.24449729919433594
0.10938143730163574
0.03171348571777344
0.020123958587646484
0.03980088233947754
0.024381637573242188
0.02364826202392578
0.0454411506652832
0.022846221923828125
0.03476572036743164
0.05532646179199219
0.03872990608215332
0.2002105712890625
0.24717974662780762
0.10535359382629395
