0.025789260864257812
0.02194523811340332
0.023926734924316406
0.02803206443786621
0.09647464752197266
0.017313003540039062
0.020009756088256836
0.017543792724609375
1.9722990989685059
0.022089481353759766
0.01933574676513672
0.024988174438476562
0.02434062957763672
0.01766800880432129
0.017343521118164062
0.02143239974975586
0.03048253059387207
0.022887706756591797
0.017823219299316406
0.12002778053283691
0.016441822052001953
0.10178542137145996
0.0561060905456543
0.020053386688232422
0.01925492286682129
0.018253326416015625
0.02523517608642578
0.08239865303039551
0.017776012420654297
0.02090764045715332
0.017345905303955078
1.9618072509765625
0.02315044403076172
0.018229961395263672
0.02601003646850586
0.01957082748413086
0.016832828521728516
0.01663804054260254
0.023025035858154297
0.03125739097595215
0.022508859634399414
0.01705026626586914
0.11829185485839844
0.01758265495300293
0.10334300994873047
0.05544137954711914
0.020306110382080078
0.019211292266845703
0.017361164093017578
0.023885488510131836
0.08312582969665527
0.018218517303466797
0.018872976303100586
0.017516136169433594
1.982642412185669
0.02176499366760254
0.018613576889038086
0.025516271591186523
0.019026994705200195
0.017606258392333984
0.019487619400024414
0.023227930068969727
0.030411958694458008
0.022530794143676758
0.017207622528076172
0.11801028251647949
0.0184476375579834
0.10318732261657715
0.05797290802001953
0.020253419876098633
0.019407272338867188
0.017414569854736328
0.0231320858001709
0.0830991268157959
0.017745256423950195
0.020179033279418945
0.01764845848083496
1.9745957851409912
0.015386104583740234
0.021030426025390625
0.026652812957763672
0.016292333602905273
0.018943071365356445
0.0187070369720459
0.02257394790649414
0.03107309341430664
0.022426605224609375
0.018468856811523438
0.11922597885131836
0.017600536346435547
0.10267138481140137
0.055791616439819336
0.01947641372680664
0.01934504508972168
0.017397642135620117
0.02473616600036621
0.08327913284301758
0.017982006072998047
0.02034735679626465
0.017873764038085938
1.9784293174743652
0.01609516143798828
0.019975662231445312
0.028011560440063477
0.020221948623657227
0.018543243408203125
0.018725872039794922
0.024216890335083008
0.03133130073547363
0.02286505699157715
0.017469406127929688
0.1192173957824707
0.018071651458740234
0.10467743873596191
0.05620765686035156
0.020495891571044922
0.019610166549682617
0.01732659339904785
0.02472090721130371
0.08296895027160645
0.017979860305786133
0.02018451690673828
0.0178525447845459
1.969193935394287
0.0161893367767334
0.019653797149658203
0.026396512985229492
0.01794290542602539
0.01890397071838379
0.02105402946472168
0.020484209060668945
0.03346657752990723
0.022887229919433594
0.01819324493408203
0.12017345428466797
0.01787567138671875
0.1055903434753418
0.0560765266418457
0.020157575607299805
0.01944422721862793
0.01737189292907715
0.024261474609375
0.08395648002624512
0.01769733428955078
0.020622730255126953
0.018085241317749023
1.968379259109497
0.020786762237548828
0.019832134246826172
0.026134490966796875
0.019226789474487305
0.01773858070373535
0.019850969314575195
0.02386784553527832
0.03137707710266113
0.022655010223388672
0.017517566680908203
0.11805009841918945
0.017690420150756836
0.1060340404510498
0.05586123466491699
0.020627260208129883
0.02108931541442871
0.01823568344116211
0.02407693862915039
0.0829474925994873
0.01819133758544922
0.021526575088500977
0.017947912216186523
1.975672960281372
0.021906375885009766
0.025281667709350586
0.029937267303466797
0.02072000503540039
0.02005934715270996
0.01793956756591797
0.024463891983032227
0.032457590103149414
0.0225830078125
0.017350435256958008
0.11743426322937012
0.01845717430114746
0.10648441314697266
0.055376291275024414
0.020430326461791992
0.019413232803344727
0.017447233200073242
0.025659561157226562
0.08324933052062988
0.018134593963623047
0.020555973052978516
0.017909526824951172
1.9793784618377686
0.015578031539916992
0.02136707305908203
0.027345657348632812
0.016936779022216797
0.019205808639526367
0.019632577896118164
0.023264408111572266
0.03128862380981445
0.022819042205810547
0.01803112030029297
0.11731553077697754
0.017328262329101562
0.10826730728149414
0.05586886405944824
0.02045726776123047
0.01971292495727539
0.017721891403198242
0.023407697677612305
0.08300065994262695
0.017077207565307617
0.020952701568603516
0.018451452255249023
1.9784424304962158
0.016246795654296875
0.021135568618774414
0.02722644805908203
0.018120765686035156
0.0181429386138916
0.01988959312438965
0.02386331558227539
0.03126192092895508
0.022725343704223633
0.018529653549194336
0.1210942268371582
0.017947912216186523
0.10864639282226562
0.056475162506103516
0.020368099212646484
0.019936084747314453
0.01756596565246582
0.025168657302856445
0.08598113059997559
0.018247127532958984
0.020654916763305664
0.01939558982849121
1.985915184020996
0.026581287384033203
0.02119588851928711
0.029375553131103516
0.0193328857421875
0.02270984649658203
0.017856597900390625
0.022446155548095703
0.0311586856842041
0.02309393882751465
0.018110990524291992
0.1169290542602539
0.017312049865722656
0.10904884338378906
0.05638885498046875
0.02081751823425293
0.01968860626220703
0.01775836944580078
0.023464679718017578
0.08377456665039062
0.018157958984375
0.019296646118164062
0.019666433334350586
1.9918930530548096
0.015496015548706055
0.021664857864379883
0.027790069580078125
0.018106460571289062
0.019156217575073242
0.020631074905395508
0.022638797760009766
0.03110671043395996
0.024484634399414062
0.019812345504760742
0.11869692802429199
0.01799297332763672
0.12747883796691895
0.05598115921020508
0.02098369598388672
0.019683837890625
0.01801776885986328
0.02336716651916504
0.08378958702087402
0.018285274505615234
0.019231081008911133
0.01862311363220215
1.9842469692230225
0.02190995216369629
0.019071340560913086
0.025676727294921875
0.018996238708496094
0.017235994338989258
0.01942729949951172
0.02343463897705078
0.030977487564086914
0.022768735885620117
0.017544984817504883
0.1161658763885498
0.017877817153930664
0.10772585868835449
0.055449485778808594
0.020642518997192383
0.019617557525634766
0.017630338668823242
0.024451732635498047
0.08352088928222656
0.018078327178955078
0.020329952239990234
0.017992734909057617
1.9723966121673584
0.025981426239013672
0.021524429321289062
0.027806997299194336
0.018938064575195312
0.016797542572021484
0.018685102462768555
0.023584365844726562
0.030730485916137695
0.022661924362182617
0.018105268478393555
0.11868476867675781
0.017749309539794922
0.1065216064453125
0.05734539031982422
0.019682645797729492
0.019914627075195312
0.019475221633911133
0.025368928909301758
0.08328843116760254
0.018275737762451172
0.020891666412353516
0.01806163787841797
1.983137845993042
0.015390396118164062
0.02121567726135254
0.027568340301513672
0.016479969024658203
0.020378589630126953
0.021184682846069336
0.025507450103759766
0.03064274787902832
0.022777795791625977
0.01821136474609375
0.11670565605163574
0.02653217315673828
0.10750865936279297
0.0553433895111084
0.020867586135864258
0.019655704498291016
0.017843246459960938
0.025409221649169922
0.08326983451843262
0.019362926483154297
0.020128250122070312
0.017876863479614258
1.9884376525878906
0.020877599716186523
0.018909931182861328
0.026665449142456055
0.01934647560119629
0.018865585327148438
0.018972396850585938
0.02369523048400879
0.0312654972076416
0.023062467575073242
0.018174171447753906
0.11786270141601562
0.016716718673706055
0.10816740989685059
0.05499625205993652
0.02022862434387207
0.020220518112182617
0.03070807456970215
0.027563095092773438
0.0844571590423584
0.018027782440185547
0.019243955612182617
0.018008947372436523
1.9928791522979736
0.015291452407836914
0.01898336410522461
0.026200294494628906
0.019028902053833008
0.017875194549560547
0.019104719161987305
0.022936344146728516
0.031186819076538086
0.023057937622070312
0.018381595611572266
0.12119245529174805
0.0178070068359375
0.10611987113952637
0.055498600006103516
0.020690441131591797
0.019510269165039062
0.018024921417236328
0.024045467376708984
0.08664751052856445
0.017931461334228516
0.020192861557006836
0.023596763610839844
1.9918630123138428
0.015500068664550781
0.02135157585144043
0.029325008392333984
0.016170740127563477
0.019087791442871094
0.019521474838256836
0.03180217742919922
0.03152775764465332
0.023035287857055664
0.017946243286132812
0.1180732250213623
0.017357349395751953
0.10653877258300781
0.05538821220397949
0.020598888397216797
0.019515275955200195
0.016806364059448242
0.025118589401245117
0.08464956283569336
0.017992496490478516
0.019914865493774414
0.01917433738708496
1.99446439743042
0.023312807083129883
0.025661468505859375
0.026019811630249023
0.01905345916748047
0.020868539810180664
0.017391443252563477
0.022902250289916992
0.0311892032623291
0.023111820220947266
0.01820850372314453
0.11947512626647949
0.017931222915649414
0.10647845268249512
0.05497574806213379
0.02025771141052246
0.019567012786865234
0.017299652099609375
0.02438068389892578
0.08368945121765137
0.029932260513305664
0.019951820373535156
0.021452665328979492
1.9968726634979248
0.01616525650024414
0.029941082000732422
0.02689385414123535
0.018876314163208008
0.018018007278442383
0.019469022750854492
0.02298903465270996
0.031307220458984375
0.02281641960144043
0.017479896545410156
0.11735057830810547
0.018091201782226562
0.12671232223510742
0.055130958557128906
